18744
219225
141525
16448
260121
219130
288927
272454
1687
157386
175529
6216
341018
327450
1687
318565
138682
61383
160557
292402
22668
11911
327380
1759
128752
149225
240033
95686
306433
179881
220098
268532
101182
21592
142903
92043
152172
171449
172712
252130
213919
218143
7710
198607
215369
253947
18752
299229
250951
197549
18754
99892
157825
1236
282987
10917
1485
123114
126812
9079
195243
279294
341036
233189
77005
256282
181798
247234
125902
233406
156462
231468
213728
178570
11396
167695
95002
16303
152957
168641
141315
185079
233705
71300
14190
255359
240902
181840
216557
19298
145331
246074
271305
157692
9028
175575