16345
10810
187348
7773
12615
10486
12763
75645
951
13077
17557
91071
17368
15924
61166
15457
112283
14892
12114
12042
8697
14242
14652
13035
26077
12629
11813
9364
16534
141681
18675
14141
9463
8847
11779
13362
134349
19183
5675
15176
135290
12166
114253
6224
128713
8440
114894
7573
47406
8130
134256
117542
29207
19371
112133
13641
13270
44086
18894
140890
168590
23415
117584
150235
15563
46266
10591
11280
15746
13196
13103
14846
17237
12503
59338
14148
16367
12493
73241
61542
10864
17747
12584
133980
18532
9786
16915
15495
11694
69206
47871
8480
104302
14009
12980
16409
10249
16085
15926
19001
14201
45379
11479
12211
10971
12139
12469
138170
16249
12308
10509
130230
10962
165220
11612
16679
56939
11206
13614
18247
18927
187699
10940
70871
68969
14995
5369
2067
11026
15058
14548
10813
23521
12739
14799
13125
19603
16052
14336
64017
9425
33537
12895
30555
9391
115097
115689
13698
8906
13938
322
13953
68148
14423
10318
16713
12327
8623
124963
169191
8474
169520
1250
14617
350
11714
11545
8069
15550
18620
19464
11406
52624
125242
12130
69892
34527
3559
15490
77876
6249
13914
11859
9655
18421
28247
15968
15885
17516
4418
14700
16678
129924
3661
13754
37459
4040
19303
17490
12879
12261
12539
88308
83535
199318
19546
10656
37735
42578
16188
2396
7199
21591
19063
6534
132491
14016
9959
18955
17063
17958
28917
10112
130442
15499
13411
44905
6426
12717
10748
10110
12477
10641
10286
14250
16032
14070
10317
19681
18764
14108
8790
19475
20372
14781
17329
16248
19979
6897
11433
116293
69344
29257
85525
12006
16390
7480
14237
6341
17179
186284
20105
7544
159597
32714
18084
19440
192410
195289
123872
208416
195415
207666
103420
16760
189034
20666
117660
33633
17510
172838
33620
23487
17444
184986
19628
55851
138751
170305
168029
185567
47288
137968
152360
171253
189183
142441
45829
131929
19966
16270
14613
16516
124336
198523
120135
166424
111114
18325
181978
12138
20615
120080
21125
167825
168617
13371
171449
129140
10178
73234
114871
198673
66811
68959
69195
19270
16777
172712
61615
121906
84230
126049
11605
10388
190889
61909
144957
19298
207068
197747
152223
126196
110977
122187
181798
63309
124031
190177
195243
43378
71942
183629
21417
62193
34720
150119
12495
231834
12844
97638
17502
206896
167636
115086
197290
211452
138012
146448
20069
172441
6901
57581
33843
187314
72506
61704
20832
131566
15376
81985
127906
14847
148008
180480
127954
159001
178777
19623
220953
9079
185079
19748
143815
11653
192296
190948
184548
77005
136194
12582
16787
117674
185665
34832
198648
220990
58815
35396
189619
138796
145627
156437
11664
38582
198694
120258
14190
156462
199367
154457
22543
20135
36017
115104
19091
114081
131894
9911
156966
18637
102751
55864
14202
168658
140801
11220
189136
15880
16405
15415
6741
126881
205030
200155
17614
128485
157545
211095
232394
124088
39858
231732
192963
180806
119702
138732
180782
188960
205354
38385
126417
65990
11388
128266
8985
190754
21703
15777
45103
171588
111071
152766
120430
6891
110843
17540
16953
13281
136282
51029
124685
13774
171189
117838
117612
16331
82139
5405
225871
10536
7674
16006
56275
130028
32879
44946
171601
198850
123114
8485
138245
186203
129795
14264
199238
5476
73780
41731
167867
18105
123088
11684
14918
11122
64213
114359
225965
145066
132696
6900
72194
8964
144720
15709
175575
156169
124040
110961
17555
16632
61667
60051
123706
32973
57719
178792
44235
197549
19993
143988
161416
175312
34625
35201
136233
75861
123908
67133
19169
191740
88074
234081
7832
126080
133287
210634
21618
151974
50039
16073
7210
142351
53672
9507
44910
77596
90233
181367
170218
10996
60157
65293
114910
13339
17036
135958
16743
12556
149886
13181
182498
145665
1661
187592
167760
150136
111447
95406
18246
15084
60136
142212
8797
135729
139774
186167
14883
17185
189498
194950
182108
112390
197302
227705
136112
11172
20098
12346
142539
22976
88910
29559
13921
41185
176740
170224
50001
5496
188801
15744
97949
46450
143442
35981
113933
12708
56771
112870
208786
74878
178570
177088
193965
135034
135454
14121
9399
20546
488
168540
8881
19465
7802
15855
14212
231342
168483
156490
58526
183358
153332
185728
182073
23387
187390
12786
124473
29407
134624
15006
159107
107765
63901
194643
68136
10716
199872
113897
94905
15340
230417
56842
159839
127770
172017
150572
1287
37103
30170
129046
71561
191280
123445
1984
63850
11473
18089
11382
44213
16852
205564
9882
120165
20721
176845
75914
84304
113707
162868
187562
179868
121856
136503
17019
9484
151879
20424
114122
12533
38791
19160
184324
149731
10702
69773
17969
125692
51282
14194
152104
67470
7514
120535
58237
46847
13184
37676
130671
11396
138456
46356
33242
21680
136106
113876
75908
96065
12897
186050
74471
33451
17804
136141
66556
1413
11752
12785
18171
14626