188959
166501
250061
116247
260887
149389
220250
259195
264414
241580
156724
254837
46277
157408
150563
3541
195408
7242
71958
213054
144965
224987
195843
255168
139411
104353
237690
228052
13193
64254
185079
263442
225429
223701
80869
127132
264362
133621
155773
19497
261284
99588
259443
155232
176002
4405
201168
264408
267571
143855
229187
220156
200551
131319
96402
135858
267328
61135
267489
228787
165291
201560
201069
112495
99471
138167
263663
234918
113563
41063
261366
18084
18100
72097
116905
138692
242867
267300
153899
166744
240569
19183
242397
140740
196068
262200
5120
166892
263831
171827
133469
62047
266825
193781
254640
219280
248606
261660
191519
185043